1 1 5 1.1
2 1 10 5
3 1 11 4.4
4 1 12 10
5 2 5 2.9
6 2 6 2.4
7 2 38 2
8 3 6 8.5
9 3 8 2.4
10 3 9 1.4
11 3 21 2.3
12 4 21 2.2
13 4 22 2
14 4 23 12.6
15 7 8 3.6
16 9 26 14.8
17 12 13 6
18 12 17 3.8
19 13 14 2.2
20 13 18 4.3
21 14 15 2.1
22 15 16 5.9
23 15 19 6
24 16 20 5.7
25 17 18 5.7
26 18 19 6.4
27 18 25 4.8
28 19 27 4.2
29 19 28 7.4
30 20 28 2.3
31 23 24 2.8
32 24 26 6
33 24 33 6.4
34 25 26 5.5
35 25 27 6.4
36 26 31 6.4
37 27 29 7.4
38 27 31 5.2
39 28 29 4.2
40 29 30 5.2
41 30 31 7.4
42 30 34 2
43 31 32 2
44 32 33 2.1
45 32 34 7.4
46 33 35 7.4
47 34 35 2
48 35 35 1.2
49 36 37 1.2
50 17 38 9